%YAML:1.0
---
R: !!opencv-matrix
   rows: 3
   cols: 3
   dt: d
   data: [ 9.9767721547053001e-01, 3.6183684149507275e-02,
       -5.7714077419103865e-02, -3.4696972694561859e-02,
       9.9904495071183330e-01, 2.6557608006434079e-02,
       5.8619909730418793e-02, -2.4493416637114532e-02,
       9.9797984885699886e-01 ]
T: !!opencv-matrix
   rows: 3
   cols: 1
   dt: d
   data: [ 9.1204379214855877e+01, -2.6467940379585433e+00,
       1.2201294785624963e+01 ]
R1: !!opencv-matrix
   rows: 3
   cols: 3
   dt: d
   data: [ 9.9722605202995485e-01, 3.8780401360604278e-03,
       7.4331433172333969e-02, -4.8810567299929254e-03,
       9.9989941220187784e-01, 1.3316935215657863e-02,
       -7.4272312727884246e-02, -1.3642810672385002e-02,
       9.9714467219105618e-01 ]
R2: !!opencv-matrix
   rows: 3
   cols: 3
   dt: d
   data: [ 9.9076006247453630e-01, -2.8752323616253392e-02,
       1.3254358714068101e-01, 3.0541750795436733e-02,
       9.9946748281740161e-01, -1.1487047009407544e-02,
       -1.3214272611007577e-01, 1.5429020620672487e-02,
       9.9111061202011375e-01 ]
P1: !!opencv-matrix
   rows: 3
   cols: 4
   dt: d
   data: [ 4.5776523913577245e+02, 0., 2.4567361068725586e+02, 0., 0.,
       4.5776523913577245e+02, 2.5504045104980469e+02, 0., 0., 0., 1.,
       0. ]
P2: !!opencv-matrix
   rows: 3
   cols: 4
   dt: d
   data: [ 4.5776523913577245e+02, 0., 2.4567361068725586e+02,
       4.2139561375982703e+04, 0., 4.5776523913577245e+02,
       2.5504045104980469e+02, 0., 0., 0., 1., 0. ]
Q: !!opencv-matrix
   rows: 4
   cols: 4
   dt: d
   data: [ 1., 0., 0., -2.4567361068725586e+02, 0., 1., 0.,
       -2.5504045104980469e+02, 0., 0., 0., 4.5776523913577245e+02, 0.,
       0., -1.0863075556279382e-02, 0. ]
