%YAML:1.0
---
M1: !!opencv-matrix
   rows: 3
   cols: 3
   dt: d
   data: [ 5.1805160946433762e+02, 0., 3.1388127793166115e+02, 0.,
       5.1805160946433762e+02, 2.4938851985251131e+02, 0., 0., 1. ]
D1: !!opencv-matrix
   rows: 14
   cols: 1
   dt: d
   data: [ -5.5058909918320277e-02, 7.8368318456144337e-02, 0., 0.,
       -1.3990433418154335e-01, 0., 0., -1.4129915698873444e-01, 0., 0.,
       0., 0., 0., 0. ]
M2: !!opencv-matrix
   rows: 3
   cols: 3
   dt: d
   data: [ 5.1805160946433762e+02, 0., 3.2759438060833475e+02, 0.,
       5.1805160946433762e+02, 2.6149946533917870e+02, 0., 0., 1. ]
D2: !!opencv-matrix
   rows: 14
   cols: 1
   dt: d
   data: [ -8.0942203970408771e-02, 2.0508923937222936e-01, 0., 0.,
       -2.2791612309213669e-01, 0., 0., -6.3690978055315400e-02, 0., 0.,
       0., 0., 0., 0. ]
